14139 -6389 -29745 -16493 -24753 -7107 9383 13247 17487 9521 -5079 
4927 -23107 -15361 22005 22103 -32739 1645 -22463 -16647 -8277 19981 
185 28699 17807 -9009 22543 13709 22423 17947 15325 -27561 4721 
-7059 30513 15243 -2463 11111 24951 -4701 9849 11883 3059 31313 
-3503 13237 1473 -7971 -15805 -21519 -4543 13055 -8675 26195 -29155 
20525 1623 22831 -20811 4479 22489 -10477 26651 -511 29219 -30627 
7565 8071 22541 341 -8085 4111 763 19647 29105 -10351 8349 
17147 -26133 -19879 -3297 1433 4019 22495 -13345 30579 -23393 -9695 
6321 2369 -3897 -19077 31627 -19789 13489 10489 -6973 28683 -22065 
28473 10179 7221 -1675 -4169 583 -165 4691 179 3599 -5633 
5225 20859 -27363 13463 -29821 -27317 -16283 31647 -20433 -31063 6411 
28723 -6347 -9425 -11237 -27351 14225 16369 -8003 16549 -4375 -2483 
12531 -17863 11397 10569 13515 -12943 -30007 -27805 25 -22285 -24793 
-29455 4785 25115 -30557 6901 15133 -2809 17595 5745 -29739 6455 
751 1097 -9479 -15705 11947 -19051 -15227 -22691 26571 18551 -22769 
-24177 8587 -24203 -27913 17967 8195 -2731 -23511 -30713 -29671 31599 
-16823 -16557 -10749 -8055 9079 -4647 7733 -28117 -8831 -26755 23779 
31357 29077 1883 -17 17559 -10613 22883 14181 -16029 9605 8297 
-22409 -31509 -707 199 -16657 21559 4015 5993 21803 31651 -11689 
-31375 -5487 -23109 -14107 -1977 8333 19081 25211 -31181 -18941 20345 
-7839 -18569 -18101 -4183 17723 5093 10405 -31547 -20539 3319 -18121 
18523 15371 -25497 -897 -23111 -16357 28491 -25521 13373 28999 -2653 
-6847 -3529 -7467 11903 22451 -10185 22329 -30581 30529 23789 -9269 
